{"metadata":{"version":4.6,"type":"Object","generator":"Object3D.toJSON"},"geometries":[{"uuid":"5e063eb6-44e6-4abb-b1af-47945ec83400","type":"TetrahedronGeometry","radius":1.8,"detail":0},{"uuid":"a0cad6f4-904e-4664-a30e-6de2804da946","type":"ConeGeometry","radius":0.5,"height":2,"radialSegments":4,"heightSegments":1,"openEnded":false,"thetaStart":0,"thetaLength":6.283185307179586},{"uuid":"a32b1027-faaa-4076-a5d4-a703a1b7f0a4","type":"ConeGeometry","radius":0.5,"height":2,"radialSegments":4,"heightSegments":1,"openEnded":false,"thetaStart":0,"thetaLength":6.283185307179586},{"uuid":"9c4767b4-e463-49c1-a59a-73270aee72e3","type":"ConeGeometry","radius":0.5,"height":2,"radialSegments":4,"heightSegments":1,"openEnded":false,"thetaStart":0,"thetaLength":6.283185307179586},{"uuid":"dbe566e4-5edc-4d6a-9ee2-4dc120d5823b","type":"ConeGeometry","radius":0.5,"height":2,"radialSegments":4,"heightSegments":1,"openEnded":false,"thetaStart":0,"thetaLength":6.283185307179586}],"materials":[{"uuid":"09be4d91-e73f-4865-90d4-d9fcce7425fe","type":"MeshStandardMaterial","color":4869976,"roughness":0.6,"metalness":0.25,"emissive":0,"envMapRotation":[0,0,0,"XYZ"],"envMapIntensity":1,"blendColor":0,"flatShading":true},{"uuid":"13f2c6a2-0066-4fae-b4c0-1636dbd7a075","type":"MeshStandardMaterial","color":4048639,"roughness":0.4,"metalness":0.4,"emissive":0,"envMapRotation":[0,0,0,"XYZ"],"envMapIntensity":1,"blendColor":0,"flatShading":true,"userData":{"role":"accent"}}],"object":{"uuid":"699879f7-fd22-4503-8512-8db63431cf2f","type":"Group","layers":1,"matrix":[1,0,0,0,0,1,0,0,0,0,1,0,0,0,0,1],"up":[0,1,0],"children":[{"uuid":"ed140c74-c28b-4f6b-b6c7-ffa486e3170c","type":"Mesh","layers":1,"matrix":[1,0,0,0,0,1,0,0,0,0,1,0,0,0,0,1],"up":[0,1,0],"geometry":"5e063eb6-44e6-4abb-b1af-47945ec83400","material":"09be4d91-e73f-4865-90d4-d9fcce7425fe"},{"uuid":"2db16832-0ece-4873-b585-75da0b59c62c","type":"Mesh","layers":1,"matrix":[0.7886751345948129,-0.5773502691896257,-0.21132486540518713,0,0.5773502691896257,0.5773502691896257,0.5773502691896257,0,-0.21132486540518713,-0.5773502691896257,0.7886751345948129,0,1.385640646055102,1.385640646055102,1.385640646055102,1],"up":[0,1,0],"geometry":"a0cad6f4-904e-4664-a30e-6de2804da946","material":"13f2c6a2-0066-4fae-b4c0-1636dbd7a075"},{"uuid":"6fc98a10-148a-44be-a688-b3fd87ab6887","type":"Mesh","layers":1,"matrix":[0.21132486540518713,0.5773502691896256,0.7886751345948129,0,-0.5773502691896256,-0.5773502691896257,0.5773502691896256,0,0.7886751345948129,-0.5773502691896256,0.21132486540518713,0,-1.385640646055102,-1.385640646055102,1.385640646055102,1],"up":[0,1,0],"geometry":"a32b1027-faaa-4076-a5d4-a703a1b7f0a4","material":"13f2c6a2-0066-4fae-b4c0-1636dbd7a075"},{"uuid":"ec4e86b2-9631-419a-81e3-22a82785b7a1","type":"Mesh","layers":1,"matrix":[0.7886751345948129,0.5773502691896257,-0.21132486540518713,0,-0.5773502691896257,0.5773502691896257,-0.5773502691896257,0,-0.21132486540518713,0.5773502691896257,0.7886751345948129,0,-1.385640646055102,1.385640646055102,-1.385640646055102,1],"up":[0,1,0],"geometry":"9c4767b4-e463-49c1-a59a-73270aee72e3","material":"13f2c6a2-0066-4fae-b4c0-1636dbd7a075"},{"uuid":"95c71e30-3c21-4295-8b0b-0e43e43084a4","type":"Mesh","layers":1,"matrix":[0.21132486540518713,-0.5773502691896256,0.7886751345948129,0,0.5773502691896256,-0.5773502691896257,-0.5773502691896256,0,0.7886751345948129,0.5773502691896256,0.21132486540518713,0,1.385640646055102,-1.385640646055102,-1.385640646055102,1],"up":[0,1,0],"geometry":"dbe566e4-5edc-4d6a-9ee2-4dc120d5823b","material":"13f2c6a2-0066-4fae-b4c0-1636dbd7a075"}]}}