{"metadata":{"version":4.6,"type":"Object","generator":"Object3D.toJSON"},"geometries":[{"uuid":"220afca6-c81f-4770-8225-e357ca60dd42","type":"TetrahedronGeometry","radius":1.8,"detail":0},{"uuid":"ecaaa371-e508-456e-bd27-a680cb545a8b","type":"ConeGeometry","radius":0.5,"height":2,"radialSegments":4,"heightSegments":1,"openEnded":false,"thetaStart":0,"thetaLength":6.283185307179586},{"uuid":"8da4124a-0c12-4baf-8b9b-9163fdbbcb32","type":"ConeGeometry","radius":0.5,"height":2,"radialSegments":4,"heightSegments":1,"openEnded":false,"thetaStart":0,"thetaLength":6.283185307179586},{"uuid":"964449bb-3d37-40e5-92de-e55784376670","type":"ConeGeometry","radius":0.5,"height":2,"radialSegments":4,"heightSegments":1,"openEnded":false,"thetaStart":0,"thetaLength":6.283185307179586},{"uuid":"d0abf722-e05f-425e-a6cc-570fe8e90ca5","type":"ConeGeometry","radius":0.5,"height":2,"radialSegments":4,"heightSegments":1,"openEnded":false,"thetaStart":0,"thetaLength":6.283185307179586}],"materials":[{"uuid":"c5a0e777-266b-4ba6-b797-6d6a59fbce60","type":"MeshStandardMaterial","color":4869976,"roughness":0.6,"metalness":0.25,"emissive":0,"envMapRotation":[0,0,0,"XYZ"],"envMapIntensity":1,"blendColor":0,"flatShading":true},{"uuid":"da8ecb59-049f-4541-a5dc-4c6b8c06ba6c","type":"MeshStandardMaterial","color":4048639,"roughness":0.4,"metalness":0.4,"emissive":0,"envMapRotation":[0,0,0,"XYZ"],"envMapIntensity":1,"blendColor":0,"flatShading":true,"userData":{"role":"accent"}}],"object":{"uuid":"05e4c34a-0b63-4e8b-88da-708578ec2032","type":"Group","layers":1,"matrix":[1,0,0,0,0,1,0,0,0,0,1,0,0,0,0,1],"up":[0,1,0],"children":[{"uuid":"937a5b43-b7c9-42ff-a42a-e4ae955b009a","type":"Mesh","layers":1,"matrix":[1,0,0,0,0,1,0,0,0,0,1,0,0,0,0,1],"up":[0,1,0],"geometry":"220afca6-c81f-4770-8225-e357ca60dd42","material":"c5a0e777-266b-4ba6-b797-6d6a59fbce60"},{"uuid":"6afa0809-74bd-47e7-bf1f-2aeed39b36e3","type":"Mesh","layers":1,"matrix":[0.7886751345948129,-0.5773502691896257,-0.21132486540518713,0,0.5773502691896257,0.5773502691896257,0.5773502691896257,0,-0.21132486540518713,-0.5773502691896257,0.7886751345948129,0,1.385640646055102,1.385640646055102,1.385640646055102,1],"up":[0,1,0],"geometry":"ecaaa371-e508-456e-bd27-a680cb545a8b","material":"da8ecb59-049f-4541-a5dc-4c6b8c06ba6c"},{"uuid":"afa0ae06-39b1-4ea9-bc9d-8931b26445c1","type":"Mesh","layers":1,"matrix":[0.21132486540518713,0.5773502691896256,0.7886751345948129,0,-0.5773502691896256,-0.5773502691896257,0.5773502691896256,0,0.7886751345948129,-0.5773502691896256,0.21132486540518713,0,-1.385640646055102,-1.385640646055102,1.385640646055102,1],"up":[0,1,0],"geometry":"8da4124a-0c12-4baf-8b9b-9163fdbbcb32","material":"da8ecb59-049f-4541-a5dc-4c6b8c06ba6c"},{"uuid":"3c6b0bb9-cccb-422f-a1ab-8746cab9238c","type":"Mesh","layers":1,"matrix":[0.7886751345948129,0.5773502691896257,-0.21132486540518713,0,-0.5773502691896257,0.5773502691896257,-0.5773502691896257,0,-0.21132486540518713,0.5773502691896257,0.7886751345948129,0,-1.385640646055102,1.385640646055102,-1.385640646055102,1],"up":[0,1,0],"geometry":"964449bb-3d37-40e5-92de-e55784376670","material":"da8ecb59-049f-4541-a5dc-4c6b8c06ba6c"},{"uuid":"083b382e-3855-4c17-91d8-ca7119faf06b","type":"Mesh","layers":1,"matrix":[0.21132486540518713,-0.5773502691896256,0.7886751345948129,0,0.5773502691896256,-0.5773502691896257,-0.5773502691896256,0,0.7886751345948129,0.5773502691896256,0.21132486540518713,0,1.385640646055102,-1.385640646055102,-1.385640646055102,1],"up":[0,1,0],"geometry":"d0abf722-e05f-425e-a6cc-570fe8e90ca5","material":"da8ecb59-049f-4541-a5dc-4c6b8c06ba6c"}]}}