{"metadata":{"version":4.6,"type":"Object","generator":"Object3D.toJSON"},"geometries":[{"uuid":"f36dd8c9-5838-41c5-8020-d36cb1088bf0","type":"TetrahedronGeometry","radius":1.8,"detail":0},{"uuid":"3951150e-a3a9-48c6-a429-393a853847bf","type":"ConeGeometry","radius":0.5,"height":2,"radialSegments":4,"heightSegments":1,"openEnded":false,"thetaStart":0,"thetaLength":6.283185307179586},{"uuid":"adf087f1-3368-4326-95f5-2e3d24390b89","type":"ConeGeometry","radius":0.5,"height":2,"radialSegments":4,"heightSegments":1,"openEnded":false,"thetaStart":0,"thetaLength":6.283185307179586},{"uuid":"4b5aee18-41a5-404c-a15f-83a546a471ca","type":"ConeGeometry","radius":0.5,"height":2,"radialSegments":4,"heightSegments":1,"openEnded":false,"thetaStart":0,"thetaLength":6.283185307179586},{"uuid":"1049fc80-f1b8-4dab-86fa-7b088ed64ce4","type":"ConeGeometry","radius":0.5,"height":2,"radialSegments":4,"heightSegments":1,"openEnded":false,"thetaStart":0,"thetaLength":6.283185307179586}],"materials":[{"uuid":"30a82984-fa99-4989-a94f-e7b8de56825e","type":"MeshStandardMaterial","color":4869976,"roughness":0.6,"metalness":0.25,"emissive":0,"envMapRotation":[0,0,0,"XYZ"],"envMapIntensity":1,"blendColor":0,"flatShading":true},{"uuid":"7b9e61c0-ae8e-434e-892a-698bb9f9b719","type":"MeshStandardMaterial","color":4048639,"roughness":0.4,"metalness":0.4,"emissive":0,"envMapRotation":[0,0,0,"XYZ"],"envMapIntensity":1,"blendColor":0,"flatShading":true,"userData":{"role":"accent"}}],"object":{"uuid":"7ed7a1b2-dc62-4104-8ab5-c9136fa00720","type":"Group","layers":1,"matrix":[1,0,0,0,0,1,0,0,0,0,1,0,0,0,0,1],"up":[0,1,0],"children":[{"uuid":"dfa4b489-ed75-4521-980b-5924b771c8d9","type":"Mesh","layers":1,"matrix":[1,0,0,0,0,1,0,0,0,0,1,0,0,0,0,1],"up":[0,1,0],"geometry":"f36dd8c9-5838-41c5-8020-d36cb1088bf0","material":"30a82984-fa99-4989-a94f-e7b8de56825e"},{"uuid":"e27bc774-2cc9-455d-8154-c768f76738ce","type":"Mesh","layers":1,"matrix":[0.7886751345948129,-0.5773502691896257,-0.21132486540518713,0,0.5773502691896257,0.5773502691896257,0.5773502691896257,0,-0.21132486540518713,-0.5773502691896257,0.7886751345948129,0,1.385640646055102,1.385640646055102,1.385640646055102,1],"up":[0,1,0],"geometry":"3951150e-a3a9-48c6-a429-393a853847bf","material":"7b9e61c0-ae8e-434e-892a-698bb9f9b719"},{"uuid":"586ea498-b6a0-4c4a-b582-11c9ee9a40f4","type":"Mesh","layers":1,"matrix":[0.21132486540518713,0.5773502691896256,0.7886751345948129,0,-0.5773502691896256,-0.5773502691896257,0.5773502691896256,0,0.7886751345948129,-0.5773502691896256,0.21132486540518713,0,-1.385640646055102,-1.385640646055102,1.385640646055102,1],"up":[0,1,0],"geometry":"adf087f1-3368-4326-95f5-2e3d24390b89","material":"7b9e61c0-ae8e-434e-892a-698bb9f9b719"},{"uuid":"d7033684-f541-4bb4-932c-9c5a77a32752","type":"Mesh","layers":1,"matrix":[0.7886751345948129,0.5773502691896257,-0.21132486540518713,0,-0.5773502691896257,0.5773502691896257,-0.5773502691896257,0,-0.21132486540518713,0.5773502691896257,0.7886751345948129,0,-1.385640646055102,1.385640646055102,-1.385640646055102,1],"up":[0,1,0],"geometry":"4b5aee18-41a5-404c-a15f-83a546a471ca","material":"7b9e61c0-ae8e-434e-892a-698bb9f9b719"},{"uuid":"3921cf70-065d-4a17-aa33-a2f2e0ed3c15","type":"Mesh","layers":1,"matrix":[0.21132486540518713,-0.5773502691896256,0.7886751345948129,0,0.5773502691896256,-0.5773502691896257,-0.5773502691896256,0,0.7886751345948129,0.5773502691896256,0.21132486540518713,0,1.385640646055102,-1.385640646055102,-1.385640646055102,1],"up":[0,1,0],"geometry":"1049fc80-f1b8-4dab-86fa-7b088ed64ce4","material":"7b9e61c0-ae8e-434e-892a-698bb9f9b719"}]}}